404988
591234
695412
984203
539056
201264
119649
173207
187210
811256
380446
815226
364133
581225
620274
815714
533770
154854
597598
115238
786929
924225
326285
206143
849066
284175
313740
141075
697997
131857
630127
673113
632916
790333
399614
755123
915293
695741
294380
356171
580911
493384
746919
98610
558609
770389
987271
687742
430261
480661
530769
31882
723624
494931
149425
37553
440988
8673
545770
273831
545650
158851
903920
979848
343343
984661
637351
412539
812209
556924
399193
290295
210354
780222
43837
855292
175396
277846
446248
